Map2
------
[000][000][000][000][000][000][000][000][000][000][000][000][000][000][000][000][000][000][000][000]
  [000][000][000][000][000][000][000][000][000][000][000][000][000][000][000][000][000][000][000][000]
[000][000][000][000][000][000][000][000][000][000][000][000][000][000][000][000][000][000][000][000]
  [000][000][000][000][000][000][000][000][000][000][000][000][000][000][000][000][000][000][000][000]
[000][000][000][000][000][000][000][000][000][000][000][000][000][000][000][000][000][000][000][000]
  [000][000][000][000][000][000][000][000][000][000][000][000][000][000][000][000][000][000][000][000]
[000][000][000][000][000][000][000][000][000][000][000][000][000][000][001][000][000][000][000][000]
  [000][000][000][000][001][000][000][000][000][000][000][000][000][001][001][000][000][000][000][000]
[000][000][000][000][001][001][000][000][000][000][000][000][000][001][001][001][000][000][000][000]
  [000][000][000][001][001][001][000][000][000][000][000][000][001][001][001][001][000][000][000][000]
[000][000][000][001][001][001][001][000][000][000][000][000][000][001][001][001][000][000][000][000]
  [000][000][000][001][001][001][000][000][000][000][000][000][000][001][001][000][000][000][000][000]
[000][000][000][000][001][001][000][000][000][000][000][000][000][000][001][000][000][000][000][000]
  [000][000][000][000][001][000][000][000][000][000][000][000][000][000][000][000][000][000][000][000]
[000][000][000][000][000][000][000][000][000][000][000][000][000][000][000][000][000][000][000][000]
  [000][000][000][000][000][000][000][000][000][000][000][000][000][000][000][000][000][000][000][000]
[000][000][000][000][000][000][000][000][000][000][000][000][000][000][000][000][000][000][000][000]
  [000][000][000][000][000][000][000][000][000][000][000][000][000][000][000][000][004][000][000][000]
[000][000][000][000][000][000][000][000][000][000][000][000][000][000][000][000][002][000][000][000]
  [000][000][000][000][000][000][000][000][000][000][000][000][000][000][000][000][000][007][000][000]
[000][000][000][000][000][000][000][000][000][000][000][000][000][000][000][000][000][000][000][000]
  [000][000][000][000][000][000][000][000][000][000][000][000][000][000][000][000][000][000][000][000]
[000][000][000][000][000][000][000][000][000][000][000][000][000][000][000][000][000][000][000][000]
  [000][000][000][000][000][000][000][001][000][000][000][000][000][000][000][000][000][000][000][000]
[000][000][000][000][000][000][000][001][001][000][000][000][000][000][000][000][000][000][000][000]
  [000][000][000][000][000][000][001][001][001][000][000][000][000][000][000][000][000][000][000][000]
[000][000][000][000][000][000][001][001][001][001][000][000][000][000][011][000][000][000][000][000]
  [000][000][000][000][000][000][001][001][001][000][000][000][000][000][000][000][000][000][000][000]
[000][000][000][000][000][000][000][001][001][000][000][000][000][000][000][000][000][000][000][000]
  [000][000][000][000][000][000][000][001][000][000][000][000][000][000][000][000][000][000][000][000]
[000][000][000][000][000][000][000][000][000][000][000][000][000][000][000][000][000][000][000][000]
  [000][000][000][000][000][000][000][000][000][000][000][000][000][000][000][000][000][000][000][000]
[000][000][000][000][000][000][000][000][000][000][000][000][000][000][000][000][000][000][000][000]
  [000][000][000][000][000][000][000][000][000][000][000][000][000][000][000][000][000][000][000][000]
[000][000][000][000][000][000][000][000][000][000][000][000][000][000][000][000][000][000][000][000]
  [000][000][000][000][000][000][000][000][000][000][000][000][000][000][000][000][000][000][000][000]
[000][000][000][000][000][000][000][000][000][000][000][000][000][000][000][000][000][000][000][000]
  [000][000][000][000][000][000][000][000][000][000][000][000][000][000][000][000][000][000][000][000]
[000][000][000][000][000][000][000][000][000][000][000][000][000][000][000][000][000][000][000][000]
  [000][000][000][000][000][000][000][000][000][000][000][000][000][000][000][000][000][000][000][000]
------
------
END
