Map1
-----
[001][002][000][000][000][000][000][000][000][000][000][000][000][000][000][000][000][000][000][000]
  [000][000][000][000][000][000][000][000][000][000][000][000][000][000][000][000][000][000][000][000]
[000][007][000][000][000][000][000][000][000][000][000][000][000][000][000][000][000][000][000][000]
  [000][000][000][000][000][000][000][000][000][000][000][000][000][000][000][000][000][000][000][000]
[000][000][000][000][000][000][000][000][000][000][000][000][000][000][000][000][000][000][000][000]
  [000][000][004][000][000][000][000][000][000][008][000][000][000][000][000][000][000][000][000][000]
[000][000][003][006][000][000][000][000][000][000][000][000][000][000][000][000][000][000][000][000]
  [000][000][005][000][000][000][000][000][000][000][000][000][000][000][000][000][000][000][000][000]
[000][000][000][000][000][000][000][000][000][000][000][000][000][000][000][000][000][000][000][000]
  [000][000][000][000][000][000][000][000][000][000][000][000][000][000][000][000][000][000][000][000]
[000][000][000][000][000][000][000][000][000][000][000][000][000][000][000][000][000][000][000][000]
  [000][000][000][000][000][000][000][000][000][000][000][000][000][000][000][000][000][000][000][000]
[000][000][000][000][000][000][000][000][000][000][000][000][000][000][000][000][000][000][000][000]
  [000][000][000][000][000][000][000][000][000][000][000][000][000][000][000][000][000][000][000][000]
[000][000][000][000][000][000][000][000][000][000][000][000][000][000][000][000][000][000][000][000]
  [000][000][000][000][000][000][000][000][000][000][000][000][000][000][000][000][000][000][000][000]
[000][000][000][000][000][000][000][000][000][000][000][000][000][000][000][000][000][000][000][000]
  [000][000][000][000][000][000][000][000][000][000][000][000][000][000][000][000][000][000][000][000]
[000][000][000][000][000][000][000][000][000][000][000][000][000][000][000][000][000][000][000][000]
  [000][000][000][000][000][000][000][000][000][000][000][000][000][000][000][000][000][000][000][000]
[000][000][000][000][000][000][000][000][000][000][000][000][000][000][000][000][000][000][000][000]
-----
-----
END