Map2
------
[000][000][000][000][000][000][100][000][000][000][050][031][029][034][028][000][042][045][000][099]
  [000][000][000][010][071][073][000][000][060][053][056][035][030][027][032][000][043][046][097][000]
[000][000][000][000][009][000][101][165][000][054][158][157][156][033][079][036][000][047][000][000]
  [000][000][000][000][011][074][000][000][055][010][000][000][000][048][000][037][044][000][000][000]
[000][000][000][000][072][000][000][000][000][164][000][000][000][000][155][039][038][000][089][094]
  [000][000][000][000][000][000][000][000][000][000][000][000][000][000][078][077][159][160][095][092]
[000][000][000][000][000][000][000][000][000][000][000][000][000][000][000][000][000][000][000][000]
  [000][000][000][000][000][000][000][000][000][000][000][000][000][000][000][000][000][000][161][000]
[000][000][000][000][000][000][000][000][000][000][000][000][000][152][000][000][163][087][162][000]
  [000][000][000][000][000][000][000][000][000][000][000][000][000][000][000][000][000][086][000][000]
[000][000][000][000][000][000][000][000][000][000][000][000][000][000][000][000][000][000][000][000]
  [000][000][000][000][000][000][000][000][000][000][000][187][000][000][000][000][000][000][000][000]
[000][000][000][070][000][000][000][000][000][123][000][000][000][000][000][012][000][000][000][000]
  [000][000][000][000][000][000][000][209][000][125][000][116][000][000][015][013][000][000][000][000]
[000][000][000][000][000][000][000][000][210][119][000][000][000][000][000][014][000][000][000][000]
  [000][000][000][069][000][000][000][000][118][205][000][000][000][016][000][000][000][000][000][000]
[000][000][068][000][000][067][000][000][000][000][000][000][000][019][017][000][000][000][000][207]
  [000][000][000][000][000][000][000][000][000][000][000][000][000][018][000][022][000][000][208][000]
[000][000][000][082][065][066][000][000][000][000][000][000][000][000][000][020][021][000][000][000]
  [000][000][000][000][000][064][063][000][000][000][000][000][000][000][000][023][075][000][000][000]
[000][000][000][000][000][062][000][000][000][000][000][000][000][000][000][000][110][000][000][000]
  [000][000][000][000][000][000][080][000][000][000][000][000][000][000][000][000][104][000][206][000]
[000][000][000][000][000][000][000][000][000][000][000][000][000][000][185][000][000][107][000][000]
  [000][000][000][000][000][000][000][000][000][000][000][000][000][000][000][000][103][166][167][000]
[000][000][000][000][000][000][000][000][000][000][000][000][000][000][000][184][000][106][000][000]
  [000][000][000][000][000][000][000][000][000][000][000][000][000][000][000][000][000][000][000][000]
[000][000][186][000][000][000][000][000][000][000][000][117][000][000][000][000][121][000][000][000]
  [000][000][000][000][000][000][000][000][000][024][000][000][000][000][183][000][122][000][000][000]
[000][000][000][000][000][000][000][000][000][000][000][000][000][000][000][000][000][000][000][000]
  [000][000][000][000][000][000][000][000][000][000][000][000][000][000][000][182][126][127][000][000]
[000][000][000][000][000][000][000][000][000][000][000][025][000][000][000][000][131][143][132][000]
  [000][000][000][000][000][000][000][000][000][000][000][000][000][000][169][000][142][128][000][000]
[000][000][000][000][000][000][000][000][000][000][000][000][000][000][168][173][130][129][135][000]
  [000][000][000][220][000][000][000][000][000][000][000][000][000][170][172][176][141][134][146][000]
[000][000][000][219][217][000][000][000][000][000][000][000][000][000][171][175][137][133][139][000]
  [000][000][211][216][215][000][000][000][000][000][000][000][000][000][174][178][136][138][147][000]
[000][000][201][204][214][213][000][000][000][000][000][000][000][000][179][177][181][140][144][000]
  [000][202][203][199][212][218][000][000][000][000][000][000][151][150][149][180][145][148][000][000]
[000][194][195][188][189][190][191][000][192][193][000][000][000][000][000][153][154][000][000][000]
  [000][000][000][000][000][000][000][000][000][000][000][000][000][000][000][000][000][000][000][000]
------
------
END
